15.71326 -11.9237
15.68452 -12.7714
15.58483 -13.7045
15.66287 -12.0370
15.74680 -14.9519
15.64195 -14.2580
15.72306 -11.7786
15.57293 -11.7599
15.76008 -12.3015
15.62921 -13.7661
15.68236 -13.1480
15.70829 -11.3996
15.68348 -12.3228
15.75093 -14.0418
15.73302 -11.8002
15.75183 -12.0849
15.73029 -13.7007
15.70955 -13.7603
15.60289 -12.0794
15.72339 -11.5477
15.67929 -11.1600
15.62574 -13.8381
15.61825 -12.2536
15.73777 -12.7600
15.73852 -13.5603
15.71068 -12.0412
15.75591 -12.8992
15.73940 -13.3870
15.59682 -11.6095
15.66716 -11.7580
15.73458 -11.8296
15.66817 -12.9717
15.69671 -13.1955
15.63909 -12.5686
15.71824 -11.5799
15.64356 -11.3955
15.57428 -11.8063
15.63983 -12.3843
15.51573 -11.0991
15.56289 -12.7103
15.71442 -13.3049
15.73680 -14.9512
15.73232 -11.5680
15.73771 -11.0998
15.74606 -12.7256
15.48337 -11.1306
15.69060 -14.0197
15.75150 -11.8952
15.63643 -14.0360
15.74168 -12.6026
15.75110 -14.5813
15.68130 -12.6499
15.52065 -11.4420
15.66533 -13.9343
15.50891 -13.3483
15.74604 -11.6376
15.53214 -12.9995
15.75953 -14.3120
15.54081 -13.8620
15.63097 -13.5985
15.66837 -13.6344
15.73918 -14.1874
15.75134 -14.0990
15.71999 -11.3825
15.59152 -12.1966
15.58643 -12.1183
