3.21475 17.5647
3.24945 18.3616
3.28866 15.9538
3.18729 14.1936
3.26645 18.3739
3.17239 16.5930
3.16591 17.1842
3.20801 18.1390
3.26039 16.0190
3.20026 14.8648
3.27368 15.2259
3.28829 14.7907
3.14735 14.2543
3.18459 15.1863
3.14828 14.5870
3.22735 15.5338
3.16501 15.0470
3.27581 18.2532
3.25887 14.7879
3.23593 17.9866
3.28890 16.6028
3.29154 17.7681
3.18311 17.6685
3.27375 17.1768
3.25653 15.2220
3.26013 18.3479
3.19762 14.2980
3.23312 14.9587
3.27063 14.9581
3.21856 17.0100
3.22313 14.7139
3.24963 16.8354
3.27180 15.0940
3.15523 16.2644
3.21609 14.3771
3.21971 15.2032
3.21825 15.7174
3.19747 14.7966
3.19961 14.7247
3.28711 17.7831
3.19251 16.7669
3.19097 15.4438
3.14268 16.9522
3.22007 16.5446
3.29101 17.3833
3.23604 16.6094
3.15866 15.0311
3.18074 17.3531
3.19932 16.6649
3.15753 15.2476
3.22037 16.7258
3.14421 15.0436
3.24545 15.0479
3.17188 14.4642
3.17099 15.6659
3.14546 14.2276
3.16002 15.9864
3.14817 17.6818
3.25463 15.4113
3.22680 17.6725
3.26238 18.4439
3.15898 15.8501
3.25392 17.4272
3.26442 15.8755
3.24147 17.1868
3.25064 15.2330
3.24967 14.9600
3.26963 15.8639
3.16989 14.8924
3.19270 15.2251
3.14420 17.6754
3.28958 15.2134
3.15555 15.2369
3.23572 16.7584
3.17493 15.2288
3.17141 16.6845
3.24868 18.3120
3.26584 17.0163
3.26455 15.1266
3.19090 17.8256
3.24772 15.0398
3.14819 16.0410
3.15984 16.0317
3.26430 14.9137
3.24377 15.4310
3.17783 16.0949
3.26287 17.1679
3.21082 17.1963
3.23287 15.6230
3.28893 15.4873
3.26887 17.4243
3.18457 16.9704
3.24580 15.3758
3.28000 18.1878
3.19075 16.8974
3.25942 17.3563
3.25256 17.1970
3.19787 14.9633
3.20583 17.1872
3.23392 15.2036
3.26663 17.1003
3.16174 16.6516
3.26652 15.3300
3.16842 17.9707
3.21072 17.4411
3.19808 17.4915
3.24026 16.2733
3.17317 16.2336
3.27393 16.7144
3.22941 14.6123
3.25960 15.7073
3.14809 14.9768
3.20686 14.7263
3.18338 16.2124
3.17603 15.1145
3.17226 17.5340
3.25083 15.0569
3.22803 16.6015
3.23491 17.5628
3.28529 16.1927
3.18592 14.9736
3.14044 17.6101
3.14717 14.6233
3.14334 14.6792
3.27396 15.4978
3.22551 16.7386
3.29120 15.2214
3.20032 17.8907
3.21153 16.7501
3.18776 16.8803
3.27035 16.2997
3.14646 15.6056
3.16769 15.1518
3.18184 17.6324
3.25946 18.0978
3.19336 17.3604
3.16585 15.5686
3.26070 15.6429
3.24910 17.8569
3.23453 18.1723
3.25586 15.2633
3.19806 14.6816
3.15795 16.0666
3.22263 17.7165
3.14315 16.8183
3.15405 15.2945
3.28549 16.6114
3.27178 17.4335
3.22217 17.4319
3.24825 15.2092
3.14680 16.3428
3.20330 15.9088
3.16853 16.8780
3.19805 15.3924
3.19259 15.4758
3.27970 17.6331
3.20363 15.6347
3.16997 15.6461
3.26545 17.0610
3.15065 16.1911
3.27566 16.6249
3.20612 14.2751
3.23291 14.6926
3.28905 15.2391
3.14872 14.2109
3.19280 14.6281
3.18231 17.8236
3.15717 16.0875
3.20407 17.2421
3.15756 15.9334
3.19679 16.6107
3.21125 14.7048
3.21201 14.5013
3.14089 16.8528
3.22904 16.7916
3.21356 17.0103
3.22306 17.8384
3.21810 16.3996
3.18146 17.3404
3.22652 14.7184
3.24236 14.7738
3.28201 17.9308
3.15464 15.4450
3.19828 15.5791
3.18150 15.3460
3.26246 16.4228
3.26270 16.8009
3.29092 14.8991
3.15993 17.5637
3.22959 14.5643
3.21058 17.5288
3.15466 16.2423
3.20057 17.2233
3.24552 16.3153
3.21647 15.5205
3.26313 15.2151
3.17603 17.9118
3.29135 16.0735
3.14935 14.1418
3.28147 16.0612
3.14839 15.3054
3.28933 17.6416
3.17459 14.5922
3.27481 16.5717
3.26032 18.1857
3.26193 16.5122
3.18260 14.1640
3.20307 17.6725
3.26497 15.5506
3.18857 17.2082
3.21633 16.9023
3.23226 15.6118
3.18912 17.3886
3.17313 15.7476
3.19905 16.0525
3.15409 17.7327
3.14533 14.9714
3.16957 16.5006
3.15936 17.4264
3.25322 15.7418
3.28173 16.1325
3.19199 15.5065
3.15219 14.2717
3.24444 17.2641
3.17196 15.5153
3.28670 17.7825
3.23519 17.3350
3.26417 16.2173
3.26755 16.2925
3.28035 14.7668
3.24353 14.5056
3.18232 14.5494
3.14966 15.0733
3.24831 15.9816
3.24058 16.5940
3.18536 14.3174
3.22088 14.6368
3.20216 16.6764
3.25667 18.0135
3.25769 15.2105
3.20658 17.6521
3.22324 15.0635
3.18811 14.8281
3.16605 15.8601
3.27162 15.2570
3.24136 16.8997
3.14064 16.3984
3.22080 17.1588
3.26799 15.1160
3.22492 16.3026
3.25335 15.0095
3.17604 14.9653
3.28775 16.2584
3.15444 17.7657
3.21153 16.5417
3.24113 17.0955
3.19882 17.3827
3.21173 15.7808
3.29009 15.9047
3.23931 18.2467
3.25969 14.8050
3.16634 16.3386
3.27203 14.6021
3.27761 15.5194
3.28714 14.7392
3.19073 15.7543
3.14354 16.6918
3.15194 14.3013
3.16827 16.9702
3.19270 15.9883
3.26166 16.8425
3.16606 14.1843
3.17606 15.9843
3.18748 14.7587
3.24386 16.1177
3.28724 15.8358
3.24544 17.0866
3.20660 17.2872
3.15131 16.0849
3.26426 17.8367
3.27886 15.0068
3.14206 15.5954
3.28888 17.7177
3.18226 14.2746
3.19231 16.1825
3.24065 16.2472
3.28210 18.1973
3.16149 15.2276
3.28501 16.0885
3.22376 16.0364
3.23105 15.3072
3.27698 15.9220
3.20586 14.9374
3.16814 14.1127
3.25354 16.1424
3.22121 16.2328
3.20103 16.0006
3.19485 16.2141
3.15796 16.8404
3.20247 16.3267
3.20678 14.9305
3.18577 15.9677
3.24555 15.4272
3.23244 15.4440
3.20970 15.9249
3.24934 15.0683
3.14643 15.5085
3.17860 17.0733
3.20790 16.7819
3.25893 17.7390
3.16941 16.4390
3.22891 15.1094
3.25021 15.2207
3.27143 15.8337
3.28698 18.5101
3.18455 14.4887
3.24255 17.9642
3.15904 17.0237
3.20680 15.9311
3.23611 15.1569
3.14174 14.8440
3.24458 17.7223
3.20983 17.1775
3.21094 16.2444
3.25096 15.1181
3.24071 16.5676
3.23040 16.8767
3.23988 14.8983
3.24761 16.2541
3.25915 18.4415
3.22469 17.9084
3.19920 14.6125
3.15107 14.4279
3.17122 16.4399
3.17060 16.1416
3.28735 18.6241
3.16429 15.1774
3.19356 16.0021
3.21134 15.9966
3.18787 14.5550
3.21720 17.2195
3.15886 14.5465
3.18206 18.0038
3.20338 14.9635
3.27996 17.9740
3.20889 15.9345
3.24229 16.0249
3.14393 16.4841
3.14145 17.4754
3.28045 16.3492
3.27041 18.1885
3.14293 16.7782
3.28636 18.0672
3.18939 14.8528
3.19389 15.1457
3.21241 17.5493
3.27102 15.8180
3.24324 16.1957
3.18664 17.9150
3.17029 16.6478
3.17552 14.2231
3.17250 16.4320
3.19827 16.0091
3.18086 16.8687
3.14822 15.8362
3.19646 17.0608
3.22586 14.7078
3.21718 16.2565
3.16591 16.1279
3.23630 14.6286
3.14064 17.0499
3.18473 17.0781
3.14657 15.7065
3.29120 18.3787
3.16001 14.0108
3.14248 17.4884
3.16608 16.9018
3.23739 17.6732
3.25476 17.1663
3.28311 18.2710
3.26229 17.4205
3.19065 16.2683
3.28669 15.5126
3.17767 17.3694
3.24965 18.3488
3.23979 14.9499
3.24546 18.2935
3.14268 14.7660
3.25635 14.5382
3.17270 14.2879
3.21262 16.9522
3.17703 15.4499
3.22627 16.1818
3.28120 15.5832
3.26160 15.5442
3.25700 16.4240
3.15666 14.8099
3.19659 17.7087
3.23535 15.3982
3.22094 17.9437
3.19759 14.7495
3.25014 14.9565
3.25451 15.4976
3.24667 15.9012
3.28425 17.8934
3.26862 15.5915
3.14170 17.1117
3.19167 17.2946
3.19444 17.1722
3.24032 14.6570
3.22314 16.0933
3.18794 16.7799
3.20883 14.3945
3.15600 15.8162
3.21953 17.2711
3.27972 16.5067
3.20526 16.6305
3.16707 17.5873
3.19837 15.0546
3.28691 17.1036
3.16865 17.7085
3.17657 17.4624
3.14124 14.5148
3.27279 17.3306
3.24924 17.4025
3.26958 15.0177
3.24415 14.6662
3.17396 16.9464
3.19009 14.5950
3.23639 16.7475
3.19659 14.9613
3.24219 17.0808
3.22527 16.6317
3.19287 16.6630
3.22677 14.4546
3.23601 15.9509
3.14072 16.2024
3.16334 15.9835
3.20539 16.8469
3.17621 16.2808
3.16148 17.5721
3.15981 15.9996
3.27283 17.1378
3.23240 15.1828
3.21055 16.4407
3.15032 17.5526
3.16584 15.4459
3.28296 14.8242
3.19102 14.3775
3.15689 14.9956
3.24852 16.0816
3.19042 17.5402
3.24286 17.9823
3.21337 17.1885
3.17732 15.6617
3.27205 18.2774
3.26643 16.8066
3.15101 15.9900
3.19479 15.9013
3.16640 17.1101
3.23437 15.2683
3.14120 17.3902
3.23481 17.3365
3.17892 17.7169
3.26174 16.3306
3.15653 16.0225
3.16116 16.0127
3.26502 18.0100
3.16425 14.9657
3.18642 14.5794
3.20535 14.9417
3.25604 17.2768
3.17100 15.6022
3.17164 14.3387
3.23401 16.0609
3.28276 16.8312
3.17788 16.3578
3.18847 17.0094
3.22750 14.6870
3.23574 14.9611
3.27875 17.7291
3.24144 18.3129
3.15020 15.7164
3.28972 16.0931
3.20699 14.9175
3.16906 17.2528
3.18042 14.9163
3.15456 14.3270
3.26675 14.9450
3.20053 15.1778
3.21310 14.8967
3.20759 16.0190
3.27514 15.0571
3.28298 15.8495
3.23201 15.2223
3.18788 16.3933
3.15527 15.6556
3.18893 15.7547
3.22978 16.0769
3.15388 17.4489
3.18831 15.5263
3.27915 17.9825
3.22846 15.4458
3.18365 16.5690
3.18005 17.7857
3.25436 16.0477
3.16102 15.0594
3.16546 15.3922
3.23455 17.4512
3.26744 18.1015
3.19687 15.7674
3.28998 18.1212
3.15600 17.7854
3.19979 14.2843
3.16106 16.9312
3.21205 17.0106
3.20347 17.6802
3.16523 15.0865
3.19432 15.4053
3.19374 14.6707
3.20213 14.9572
3.15865 15.8013
3.29224 17.6704
3.20807 18.0435
3.25298 14.9033
3.19054 16.3220
3.20388 17.9004
3.22276 14.4252
3.16579 17.5920
3.14433 15.6340
3.21890 17.2975
3.21434 14.5880
3.20310 15.7003
3.20302 15.3880
3.20555 16.7116
3.27159 17.0598
3.23148 16.9241
3.17024 16.7769
3.17727 16.8889
3.14729 14.5288
3.16094 16.1600
3.17546 17.1601
3.20227 17.4811
3.29180 16.5136
3.26667 16.3161
3.16415 16.6813
3.14332 16.6439
3.17072 17.7455
3.25072 16.7626
3.28233 16.5575
3.15341 16.9725
3.19238 16.9661
3.16264 15.4633
3.23542 14.5864
3.25885 17.3936
3.18029 16.9101
3.19835 17.7309
3.25509 17.5726
3.26006 15.4352
3.16351 14.0270
3.25575 17.3231
3.16498 17.0106
3.23267 18.0806
3.17563 17.6424
3.21327 17.4711
3.15132 14.3707
3.23439 15.0891
3.28066 16.1891
3.22704 18.2956
3.21318 17.0752
3.28575 15.4063
3.21940 17.2591
3.27582 15.7438
3.16114 16.3523
3.14761 17.5958
3.19478 18.0477
3.20418 16.0536
3.17869 15.5735
3.19763 15.4009
3.28461 14.9120
3.22089 16.8348
3.21907 17.4634
3.24501 15.8679
3.23745 15.4790
3.18487 14.5967
3.23685 17.2234
3.25964 15.2329
3.17910 17.9225
3.24728 16.1497
3.27871 18.3049
3.19360 17.0846
3.20335 17.1811
3.14672 14.1812
3.18552 16.8207
3.18404 17.4696
3.19803 14.6330
3.26340 16.5581
3.23422 18.2808
3.25298 17.0558
3.17581 15.3856
3.15798 14.1794
3.24825 16.9582
3.20275 17.9407
3.18673 14.3607
3.25627 17.6256
3.19426 16.5095
3.26061 18.3781
3.17126 15.8730
3.14388 15.1175
3.18887 16.2142
3.22836 14.5417
3.24137 16.3845
3.14698 15.5256
3.18915 14.6913
3.18384 16.9170
3.25807 17.9237
3.14178 17.1132
3.16976 17.7976
3.17630 16.6407
3.23939 17.9005
3.17978 16.2641
3.23807 17.2489
3.23669 17.1300
3.15048 15.7013
3.15926 14.9436
3.20698 15.1624
3.27350 18.3963
3.20424 17.2568
3.28105 16.5224
3.17643 14.1968
3.26250 14.7655
3.20366 15.7342
3.20925 17.3044
3.26119 16.7142
3.20723 14.5180
3.25179 14.5343
3.22905 15.9905
3.16250 16.7170
3.15522 14.8369
3.19603 15.0505
3.29092 15.7214
3.23840 17.6634
3.26344 16.4188
3.15372 14.7530
3.19019 15.3763
3.19970 17.5730
3.28042 18.1827
3.24486 17.9569
3.24420 15.8593
3.27173 16.1722
3.18615 15.3290
3.25206 14.7687
3.28159 17.3884
3.21797 16.1813
3.16120 14.3716
3.14415 14.1752
3.22192 14.7030
3.25628 14.6227
3.16001 17.5301
3.20514 17.3384
3.26804 16.6543
3.25887 17.4496
3.16690 14.8468
3.27349 17.6735
3.24419 15.3004
3.19224 17.5443
3.19314 14.5164
3.17333 16.5419
3.22407 14.6238
3.27949 17.6082
3.19889 16.5266
3.19948 14.2816
3.22475 17.4298
3.17776 17.1685
3.22755 18.0110
3.23506 15.2965
3.23008 18.2224
3.22681 18.0340
3.20902 17.4844
3.27263 15.2508
3.28881 17.4962
3.14294 17.7484
3.20595 14.4584
3.24353 16.7752
3.16664 14.6023
3.19193 14.6343
3.19165 16.1324
