0.96234 4.3010
0.95763 3.7821
0.92167 3.1035
1.00224 3.3378
0.97736 3.5625
0.76168 2.6001
0.66599 3.8720
0.75417 1.9925
0.91693 4.0766
1.07587 3.6892
0.71690 1.6004
1.03774 3.2798
1.00666 4.1900
0.83745 4.9174
0.64969 2.7935
1.00901 4.6228
0.94919 5.3421
1.07111 5.8828
0.87967 4.1630
1.01488 4.4915
1.08939 4.3694
0.85249 4.1339
1.04127 5.9312
0.81363 2.2544
1.07677 3.6870
1.10656 5.4010
0.84148 2.7700
1.09908 5.7120
0.71318 2.5335
0.81415 3.1979
1.00225 3.2837
1.09086 6.3224
0.83425 3.0547
1.05472 4.7938
0.93236 2.7118
0.66850 2.9017
1.03371 4.3606
1.06083 5.4943
0.97172 3.3266
1.10637 3.8475
0.91503 4.9513
1.00534 4.3833
1.01972 5.4316
1.08734 3.9258
0.82074 4.5873
1.08099 5.8141
1.02188 3.1594
0.97002 3.4054
1.09694 3.9340
0.74452 3.5362
0.67192 2.0808
1.09911 4.3311
0.96523 3.8061
0.84026 3.0269
1.02012 3.8227
1.02042 5.6354
1.04402 3.3818
0.70678 1.7166
0.95777 2.7220
0.93090 3.9871
1.11517 6.2717
0.85590 4.7945
0.98590 5.5778
1.01639 3.3163
0.91762 3.7954
1.09989 6.2336
0.72686 1.4284
0.94548 5.4458
1.00714 3.7923
0.76317 1.9753
0.96500 5.6608
0.98520 2.8679
