1.84841 16.1379
1.90999 14.5070
1.69225 27.0466
1.84903 28.0655
1.68515 27.6262
1.81267 15.7782
1.85659 27.1217
1.85431 14.0880
1.96888 14.3803
1.98912 16.2192
1.82690 16.0790
1.73834 28.3783
1.89627 16.5142
1.77921 28.6215
1.79301 15.7010
1.95130 15.1804
1.82150 26.8611
1.82181 16.1972
1.79159 28.8291
1.95330 15.7662
1.92305 13.1143
1.93661 13.5235
1.71013 14.4643
1.68802 27.4444
1.89938 13.6669
1.64936 26.6884
1.75035 14.8661
1.67949 27.3874
2.01359 13.3497
1.98500 16.1121
1.73834 14.5327
1.75374 16.3804
1.98018 14.8401
1.83725 27.7272
1.95211 13.1249
2.01338 16.3659
1.82627 29.2423
1.81471 16.7126
1.80806 29.0261
1.97393 15.9339
1.84986 27.4145
1.90566 27.6365
1.72187 28.9552
1.63071 27.5643
1.75922 27.8883
1.99454 14.7561
1.68284 16.7578
1.71765 16.7632
1.61186 28.5409
1.94422 13.3432
1.60978 28.6766
1.66789 27.7866
1.89935 13.6973
1.83010 16.5415
1.94012 16.3494
1.92280 13.8361
1.77217 14.3160
1.74989 14.0706
1.75295 15.3247
2.00063 13.6043
1.82473 16.7062
1.76794 16.2135
1.87439 13.1690
1.90798 14.4440
1.89234 27.2783
1.62625 27.2566
1.99771 15.1408
1.75880 15.0801
1.79128 27.0809
1.76361 13.0637
1.99508 14.6379
1.78681 28.5290
1.68232 16.6633
1.83453 27.5415
1.81083 12.9364
1.91591 12.9097
1.80457 12.9820
1.81542 13.3979
1.98521 13.0137
1.62739 29.4587
1.82997 15.4055
1.70021 16.6494
1.98726 15.0296
1.70040 13.9118
1.80772 15.4155
1.75393 15.6052
1.99174 14.5285
1.85364 14.8652
1.73777 16.3562
1.68350 26.7480
1.96846 13.6358
1.76236 15.3362
1.70367 27.0058
1.80769 27.5000
1.89087 27.8276
1.99405 15.3099
1.94978 14.6031
1.78930 29.0147
1.70639 13.2690
1.87402 13.0425
1.68337 16.0029
1.76840 14.4298
1.85707 14.5289
1.82003 28.2471
1.78989 29.1261
1.88398 26.9578
1.71792 28.6660
1.71884 14.1384
1.77994 27.3638
1.93009 16.6366
1.74592 27.2056
1.72428 29.0731
2.01972 14.6671
1.62880 28.5154
1.97145 15.5217
1.75730 28.7772
1.83599 15.9408
1.75294 26.8930
1.82266 16.6990
1.94423 14.2649
2.01485 14.4774
1.63820 28.2227
1.84704 15.3755
1.72284 16.0569
1.61557 27.1782
1.84802 27.1709
1.62228 27.4779
1.87321 28.2324
1.78400 14.3752
1.84795 13.8820
1.86294 14.7224
1.79503 29.6245
2.01498 16.1430
1.87859 15.5971
1.96984 14.6307
1.86155 28.7515
1.90936 13.2897
1.64282 27.7147
1.75453 27.3751
1.94701 16.2283
1.84927 13.0738
1.65831 29.5332
1.82822 15.5250
1.71275 14.1185
1.69443 13.2140
1.81059 14.2569
1.63443 27.1492
1.96795 16.4828
1.93322 14.9814
1.98006 13.7848
1.84968 29.5910
1.98233 16.3907
1.80609 29.6385
1.67770 28.3389
1.89437 13.3173
1.92520 16.3609
1.85715 28.8755
1.75594 16.3903
1.67019 28.3077
1.64293 28.7513
1.70415 16.8318
1.96187 15.8588
1.77985 14.6248
1.99791 15.0480
1.87740 12.9138
1.72447 15.6064
1.69188 28.5160
1.79571 28.8783
1.83242 28.5989
1.62499 29.3751
1.91565 15.9390
1.74555 14.2963
1.93554 13.0496
1.72119 27.2485
1.65938 26.8268
1.92393 13.2535
2.01048 13.6541
1.82762 27.0767
1.73225 27.5668
1.72638 16.1799
1.71089 27.4326
1.68984 14.9061
1.88306 27.0141
1.87530 13.5195
1.93040 13.2918
1.78551 26.8919
1.67062 27.0974
1.74927 16.7767
1.81011 14.7887
1.61669 28.8149
1.93063 14.8089
1.92521 16.8358
1.72075 29.3286
1.67388 28.4172
1.86296 15.0120
1.71236 29.0710
1.99314 16.5698
1.96566 16.7736
1.95524 16.6952
1.92109 14.9380
1.83103 15.2051
1.67730 28.4945
1.63639 28.5836
1.66503 28.1265
1.69708 28.5564
1.84045 15.9641
1.84563 15.3063
1.74244 28.2453
1.80492 15.4637
1.89066 28.8138
1.84410 27.1796
1.90339 16.0380
1.83113 14.9236
1.88945 29.6388
1.81339 14.9249
1.82337 14.0058
1.62855 27.2403
1.80716 26.7394
1.83641 28.7533
1.72728 29.4013
1.88199 27.7617
1.69887 29.4198
1.94263 13.6841
1.92045 15.7845
1.81375 27.4706
1.90860 28.8986
1.82177 15.9096
1.83531 14.6697
1.90355 13.9866
1.89617 27.7491
1.79139 16.4632
1.74127 27.9513
1.73023 12.9073
1.68257 26.9880
1.66526 29.1713
1.83557 29.1808
1.79628 14.8977
1.85977 16.3635
1.63660 29.3877
1.63041 27.7467
1.67975 28.6029
1.72169 14.2259
1.81006 16.0215
1.97968 15.4990
1.85538 29.1235
1.97864 15.1345
1.84748 28.6583
2.00470 16.6265
1.74016 28.2900
1.87643 14.5256
1.71760 28.7188
1.61616 27.1242
1.85063 28.8971
1.83095 16.7406
1.78596 28.1322
1.83925 15.3983
1.90949 16.5754
1.87376 15.6437
1.80805 28.1826
2.00714 14.0599
2.00096 15.9336
1.71890 27.3205
1.75874 28.4194
1.76492 14.1898
1.87187 16.8272
1.87860 14.6173
1.98240 15.4696
1.79455 27.9197
1.94824 13.1737
1.90631 28.5709
1.87065 27.8218
1.86429 29.0445
1.76381 15.1435
1.83903 15.8200
1.76575 28.8324
1.61614 28.8740
1.71476 14.5904
1.91383 13.2563
1.73739 13.3309
1.81970 14.8875
1.77713 15.6017
1.70244 28.6208
1.84133 13.6659
1.71947 16.2469
1.89563 13.0790
1.78104 26.9167
1.87228 28.9063
1.98411 14.6645
1.73988 15.3661
1.69880 28.1672
1.81122 13.2203
1.92261 14.2075
1.81397 13.8726
1.90345 14.1508
1.88365 26.9487
1.82047 27.3708
2.00814 14.1607
1.70655 27.4336
1.89020 27.2533
1.87430 15.5130
1.78589 29.4458
1.77921 13.4063
1.79229 15.5573
1.91654 16.5820
1.81505 27.0928
1.78009 27.0002
1.77545 28.3308
1.62648 26.9744
1.69299 28.7283
1.70108 16.4028
1.70060 13.9481
1.90136 28.3921
1.76709 26.9650
1.83041 27.8695
1.73353 13.9225
1.88951 13.6009
1.99864 13.6176
1.66145 29.6143
1.85404 13.0175
1.91523 14.7903
1.92819 16.4313
1.82377 27.6420
1.75411 28.4709
1.72118 12.9871
1.65294 27.5395
1.70779 29.1093
1.98304 14.3147
1.78784 14.9912
1.83222 15.2206
1.75283 16.7236
1.81737 16.4741
1.84146 13.8553
2.01090 14.6225
1.74115 27.9321
1.64669 26.7942
1.83564 15.0061
1.72075 27.5663
1.80331 29.1604
1.70809 27.4669
1.93074 15.5568
1.82335 28.3697
1.85100 14.6686
1.79146 13.6345
1.63388 26.9260
1.73671 16.7235
1.97667 15.7181
1.98588 13.4929
1.99093 16.8579
1.84804 27.3989
1.80648 27.1918
1.80800 16.6214
1.74110 26.8760
1.75579 14.3564
1.62500 27.5088
1.73710 28.9547
1.87419 15.8475
1.87411 29.3145
1.81011 26.9841
1.68797 27.8307
1.85618 27.5241
1.90481 29.5547
1.83697 28.4385
1.88725 15.8485
1.82926 15.6150
1.84084 16.2043
1.68634 16.5501
2.02089 14.6527
1.80288 12.9257
1.73076 15.5819
1.74029 14.6286
1.97241 14.8229
1.89736 15.2229
1.82642 27.0816
1.93018 14.2765
1.80767 28.2944
1.82543 28.4946
1.71783 16.8030
1.70616 28.7082
1.90757 12.9707
1.73599 15.3350
1.66030 29.6240
1.67775 27.8439
1.84391 28.9401
1.88892 28.9672
1.86786 16.5246
1.73623 14.4482
1.80700 13.9167
1.89780 28.0591
1.81601 14.4710
1.86472 14.0450
1.76461 27.8286
1.72579 15.6787
1.62857 26.7054
1.63589 27.7979
1.87939 13.5361
1.72506 26.8991
1.75562 16.7928
2.01531 16.4398
1.74126 13.8849
1.88161 28.2535
1.70131 16.3892
1.65630 27.2876
1.70645 27.4843
1.96420 16.1873
1.86351 28.9586
1.76292 13.0233
1.70308 13.1979
1.74479 13.9567
1.76281 16.2092
1.62944 28.2655
1.79101 15.1267
1.68636 28.0144
1.61461 26.9962
1.82549 13.2494
1.70717 27.4585
1.77067 15.5519
1.64944 28.1047
1.79335 14.2745
1.69207 13.0345
2.01774 14.0588
1.69455 15.7919
1.85298 28.6125
1.85149 28.5557
1.98161 13.4383
1.82754 16.3429
1.69693 28.8189
1.88844 16.6610
1.84466 14.8950
1.98057 13.8897
1.88206 26.7500
1.80376 13.5936
1.74655 14.9604
1.67191 29.2689
1.68719 29.4000
1.72685 27.7750
1.89095 16.0145
1.75148 29.2822
1.74425 28.6454
1.89292 27.0504
1.68739 16.2127
1.71190 13.6963
1.70883 14.1199
1.67732 26.8708
1.79894 15.8843
1.77295 28.1773
1.97444 15.3361
1.71202 28.6730
1.92643 16.3600
1.70532 28.6416
1.73565 15.3356
2.01888 13.4883
1.78321 27.2011
1.84452 28.1327
1.70719 26.9255
1.79185 27.0642
1.88092 26.6851
1.80374 14.4916
1.72470 16.2647
1.85546 13.1971
1.77443 27.8911
1.72080 16.2043
1.74070 13.5412
1.87314 15.8782
1.85744 13.0277
1.98119 13.5355
1.75067 13.4880
2.00473 16.1225
1.79078 14.2682
1.95131 15.9558
1.97012 13.8747
1.88094 13.8873
1.74452 14.8699
1.86289 16.1129
1.67764 29.5997
1.84564 28.4420
1.74912 29.6504
1.73370 13.9976
1.86996 28.1065
1.63022 27.4384
1.68645 16.2549
1.65079 27.3546
1.69439 16.5515
1.70923 13.3012
1.94374 15.6021
1.87927 14.6650
1.77802 27.0516
1.75053 13.6449
1.67733 27.7274
1.82956 13.6528
1.74422 14.2082
1.90927 14.6315
1.95521 16.5191
2.00904 14.0065
1.72029 14.8196
1.71695 27.9358
1.69351 26.7536
1.68056 27.4753
1.86853 26.8087
1.89115 14.1146
1.70079 28.4282
1.71495 14.8433
1.92225 13.6460
1.81557 13.2411
1.70754 29.2433
1.75635 27.7677
1.77529 16.1438
1.79538 27.3800
1.78306 29.5601
1.63630 26.7822
1.94975 14.3068
1.65830 27.7901
1.99304 12.9766
1.68922 29.5242
1.87355 27.7333
1.75299 29.4129
1.79197 29.3647
1.76987 28.5688
1.70262 13.3979
1.85806 16.3620
1.74330 15.6802
1.71525 15.5659
1.74681 14.5509
1.82935 12.9526
1.92226 14.8868
2.01826 14.3821
1.87601 14.0262
1.88490 13.7980
1.98185 15.4200
1.75131 13.2577
1.72740 15.7089
1.84030 28.9091
1.80410 26.7734
1.80573 13.3834
1.91374 16.2056
1.82783 16.4379
1.81361 14.5624
1.68950 14.1040
1.95211 15.7578
1.95890 15.2939
1.93523 14.3956
1.84171 13.8042
1.72905 14.4849
1.63684 26.6847
1.75909 26.8435
1.88950 13.0079
1.98699 14.6719
1.99864 13.1518
1.69367 28.8121
1.87904 27.1866
1.73465 15.1825
1.81184 15.5765
1.76650 28.0599
1.70100 26.7850
1.77516 13.1815
1.71598 16.3506
1.76713 14.4305
1.76203 28.6599
1.92379 15.3832
1.78860 14.3596
1.64698 27.6220
1.80231 13.3498
1.91815 13.8967
1.89756 29.2410
1.67812 28.8816
1.67429 27.5674
1.93535 15.9366
1.74197 27.7442
1.98476 16.2748
1.88276 28.2878
1.98352 15.7106
1.72142 16.1992
1.70665 28.4799
1.99602 16.7074
1.70243 13.4101
1.71727 14.3958
1.78407 13.1324
1.90474 26.9461
1.80055 27.3911
1.99608 13.8640
1.73703 13.6461
1.90750 14.6147
1.93438 16.4757
1.84933 15.2182
2.00916 15.3995
1.76669 15.8528
1.80308 16.4369
1.89664 14.0870
1.74145 28.5018
2.01601 14.5289
1.77133 16.7111
1.80858 13.7271
1.84833 26.9049
1.83265 16.6181
1.73709 27.4866
1.71231 26.8217
1.69530 15.3396
1.94035 15.2983
1.81735 14.1069
1.72264 14.5954
1.96102 16.6981
1.74007 13.1469
1.94847 16.0044
1.82859 15.7124
1.91207 15.4815
1.71689 14.3699
1.98031 15.3684
1.97933 13.3113
1.88102 13.4004
1.83755 27.6318
2.01121 16.5753
1.95986 13.1019
