1.50385 13.8242
1.63500 14.8929
1.74787 14.1952
1.37174 11.7337
1.42176 12.6376
1.49986 14.2575
1.68310 14.5636
1.75182 13.5456
1.60270 12.0757
1.50709 12.1553
1.81896 13.6657
1.71590 15.2145
1.58921 14.4335
1.57867 12.4261
1.76167 13.4134
1.42376 12.7625
1.55608 11.8484
1.64221 13.1206
1.75543 13.8838
1.79922 13.5820
1.60386 13.1707
1.77204 14.7417
1.42503 11.5292
1.79303 13.5278
1.73564 14.4628
1.59456 12.4172
1.55081 11.8203
1.69371 14.6101
1.73665 15.6473
1.44070 11.5115
1.57362 13.0819
1.72684 15.4845
1.35782 13.4016
1.51958 13.2947
1.68710 13.2370
1.63782 13.8555
1.63153 14.9460
1.80105 15.0232
1.76808 13.9882
1.80057 15.9304
1.77003 14.9548
1.77157 15.0861
1.40743 11.2045
1.54081 13.0155
1.80824 14.5084
1.50691 11.8286
1.75491 14.0037
1.51271 13.0572
1.58267 13.5931
1.39881 12.8222
1.41559 12.4257
1.70601 12.9532
1.70672 13.9088
1.35374 13.6950
1.36795 13.7538
1.67888 14.0568
1.56798 14.3373
1.79550 14.7475
1.50470 13.8689
1.35372 12.4850
1.37440 11.8826
1.58507 14.3439
1.57206 13.4629
1.70567 14.8769
1.59159 14.9276
1.49033 14.2994
1.56477 12.2802
1.55894 12.4695
1.74743 13.1243
1.44439 13.1157
1.62781 13.1190
1.72895 13.6103
1.66945 14.6121
1.72449 12.9616
1.52742 12.8495
1.46942 12.2063
1.82099 15.6749
1.42875 11.4148
1.54107 14.0765
1.80983 13.9705
1.76867 13.4237
1.67297 13.6833
1.65149 13.2549
1.71894 15.3739
1.63675 12.6474
1.57075 13.0120
1.70615 14.4530
1.40125 11.5382
1.67362 12.6577
1.48139 11.9151
1.65660 14.7582
1.52409 12.9233
1.37779 12.4065
1.64825 13.8232
1.76793 13.0273
1.66901 13.7445
1.40484 13.5649
1.71179 13.4625
1.79334 15.3847
1.81943 13.3703
1.52083 13.5456
1.54119 12.8524
1.75446 15.6890
1.47045 14.1979
1.42552 14.0600
1.61217 13.2055
1.72795 13.1986
1.73057 14.8335
1.77532 15.2779
1.38011 10.9849
1.81830 14.2546
1.54751 13.4543
1.64364 14.5335
1.65047 14.2414
1.44055 13.7855
1.48995 12.6482
1.79276 13.6209
1.56729 13.4364
1.36639 12.9402
1.66060 14.8882
1.81782 15.8496
1.54490 14.0062
1.56437 13.0499
1.51303 13.7338
1.61730 14.2868
1.49702 13.3527
1.70759 13.5472
1.70450 13.8334
1.69880 14.9078
1.80757 13.7020
1.35450 11.0280
1.56638 13.8120
1.58246 13.9758
1.50882 12.0037
1.61965 12.5601
1.51684 11.7951
1.54155 12.9629
1.65975 14.4416
1.79893 15.5407
1.69443 14.4542
1.74608 15.5257
1.56394 12.9724
1.38023 10.9622
1.44645 12.2975
1.47415 13.4077
1.70620 15.2571
1.80570 13.1488
1.77464 15.3749
1.50630 12.7755
1.36651 13.8424
1.38461 12.8854
1.54903 14.2556
1.79244 15.2206
1.42762 11.6897
1.72340 13.4727
1.45996 12.8648
1.65741 13.1767
1.66710 14.0840
1.73430 14.0608
1.68335 12.8112
1.67257 14.1672
1.74688 12.7672
1.65395 14.5350
1.45202 12.4086
1.63155 14.8285
1.41753 12.3426
1.38069 11.3358
1.43050 11.4063
1.39833 12.3493
1.49395 13.6817
1.36123 12.6144
1.79673 15.7582
1.65098 15.1946
1.82867 15.3472
1.43283 11.3315
1.61175 12.4576
1.72282 13.4129
1.50223 13.9048
1.75711 15.4261
1.53587 11.7701
1.65734 12.7022
1.43385 12.8090
1.53443 13.5605
1.71791 14.0098
1.55695 12.8852
1.72587 14.5197
1.79881 13.5921
1.47749 13.9312
1.61223 13.2600
1.54171 13.4640
1.39960 13.5525
1.52784 13.2990
1.61137 13.1002
1.79998 13.3227
1.62745 15.0541
1.45242 14.2228
1.53083 12.7172
1.37450 13.7479
1.81320 13.3638
1.41939 13.9906
1.74749 12.7862
1.77649 13.9124
1.41260 13.3934
1.61659 14.2218
1.53609 12.6172
1.82632 13.7801
1.71830 13.7327
1.61375 12.1924
1.43021 11.3037
1.45276 14.0462
1.60101 13.7224
1.77778 14.2489
1.63503 14.2795
1.41621 13.7504
1.79595 15.7764
1.72290 14.0446
1.42696 11.7833
1.52967 12.6065
1.42260 13.8535
1.81252 15.3166
1.67872 14.8166
1.41497 13.1587
1.58443 12.6015
1.71396 14.1222
1.40398 12.1412
1.71850 13.3468
1.56029 14.7368
1.36939 12.5900
1.73639 14.9052
1.45181 13.9676
1.38795 11.4465
1.70026 13.3632
1.62795 12.3112
1.55954 14.2944
1.72810 14.1315
1.53018 11.7067
1.82741 15.0206
1.43439 12.4491
1.75059 15.3190
1.43673 11.3508
1.58951 14.3597
1.77008 15.7469
1.78969 13.5936
1.62004 14.0960
1.70111 14.7274
1.74472 14.1246
1.70452 15.1789
1.80319 15.7943
1.36654 13.1772
1.43030 11.5821
1.77595 12.9348
1.40707 13.5503
1.35918 13.2657
1.74085 14.7075
1.39652 12.8762
1.52331 11.6713
1.74707 14.1071
1.58578 13.6295
1.56353 12.0844
1.78956 14.3083
1.59272 13.4406
1.54528 12.9688
1.57795 12.9648
1.48761 13.0800
1.80870 15.2822
1.45131 13.9429
1.39985 11.8878
1.43574 11.6979
1.68288 14.6627
1.50648 12.1693
1.66150 14.3174
1.72112 14.2759
1.36542 13.0931
1.79493 14.6457
1.41492 12.8240
1.77831 13.0595
1.81064 14.9673
1.35507 12.9591
1.45252 12.4204
1.67146 12.4883
1.40101 12.1954
1.80667 14.1325
1.62583 14.6499
1.73841 14.3117
1.36119 10.9406
1.53541 12.5647
1.80623 15.0519
1.63776 14.3816
1.53537 12.8031
1.56711 12.4138
1.58147 14.1323
1.76955 14.2656
1.79257 15.4729
1.60680 15.0071
1.36584 13.1070
1.65161 14.2477
1.79546 13.5128
1.56511 14.6887
1.66708 13.4098
1.66997 12.5179
1.79330 13.7070
1.56062 13.5785
1.51151 12.0281
1.76830 13.5345
1.72226 13.6559
1.69907 13.2798
1.44485 11.5292
1.64698 14.6262
1.51574 12.6396
1.58601 13.1786
1.50445 12.9219
1.66346 14.3754
1.36006 13.2995
1.49901 12.5412
1.64853 13.8354
1.35163 13.2043
1.72825 13.8190
1.47755 12.3124
1.64970 14.3939
1.81629 15.0396
1.77787 14.0143
1.61821 12.3045
1.59109 14.0916
1.38533 12.0772
1.64423 13.1093
1.82064 15.9010
1.48621 11.6032
1.79646 13.2011
1.39334 13.8487
1.63812 13.9007
1.46036 12.4558
1.45131 13.1094
1.57206 14.3375
1.48391 14.2459
1.59434 13.1228
1.56914 11.9505
1.68735 13.0728
1.79123 13.1893
1.39281 13.4845
1.47590 12.9515
1.36355 12.0782
1.64557 14.4494
1.59762 12.5874
1.78480 15.4704
1.68965 12.9387
1.76683 13.3247
1.56698 14.7599
1.73870 12.8713
1.36504 13.3289
1.64538 13.8687
1.37594 13.2435
1.51790 12.8616
1.76037 15.5267
1.79143 15.2012
1.51042 13.0289
1.59250 14.3469
1.36084 13.4777
1.52418 11.6434
1.82187 13.7634
1.52369 12.6476
1.56451 13.1504
1.62488 13.5312
1.72789 14.6601
1.67125 13.1872
1.58308 14.3856
1.39571 11.7824
1.77674 15.3689
1.61486 14.1824
1.73585 14.5983
1.82525 14.3546
1.45246 13.9110
1.82747 14.0234
1.42303 13.6316
1.38986 12.4704
1.45098 13.0594
1.49410 11.9656
1.72566 13.7013
1.54153 13.7244
1.66628 12.8906
1.71636 15.2930
1.50492 12.7172
1.53132 13.5268
1.55957 14.1170
1.78841 13.7842
1.35120 11.4161
1.81368 14.7127
1.71027 14.2159
1.45486 13.2529
1.57416 14.1496
1.82015 14.7744
1.37229 12.6425
1.80721 16.0100
1.47486 14.0771
1.53424 11.9460
1.40925 12.4148
1.69619 15.2491
1.78874 14.6083
1.67954 14.3369
1.59868 12.2894
1.82517 14.9954
1.41042 11.5649
1.51354 12.6998
1.72933 14.8272
1.50121 13.5219
1.53510 12.5542
1.37300 12.4153
1.48444 12.9695
1.74061 15.6676
1.82429 13.9896
1.82480 16.0591
1.62243 14.6091
1.34817 13.0350
1.71196 13.8408
1.48846 14.3821
1.41442 12.4227
1.60343 12.7785
1.45897 12.1816
1.64849 13.1782
1.55379 12.9102
1.50383 14.4698
1.79079 15.2200
1.72644 12.9966
1.42487 12.6540
1.62365 13.3238
1.43260 12.3906
1.44134 13.3994
1.67026 13.3981
1.38126 13.4902
1.59154 13.5645
1.56492 13.1868
1.63745 12.9827
1.43288 14.1216
1.44066 12.9802
1.64017 12.6009
1.42851 12.0073
1.44592 13.3031
1.47878 13.8132
1.45958 13.5847
1.37957 12.7411
1.56960 13.7495
1.57171 12.6294
1.71432 14.0954
1.57849 14.6435
1.76598 13.5529
1.40747 13.5231
1.75524 13.9913
1.75312 12.8725
1.66831 12.5740
1.36930 13.1553
1.79879 14.2612
1.77662 14.1373
1.34954 11.5717
1.53927 13.0946
1.45836 13.3155
1.47308 13.3924
1.44076 11.4344
1.46457 12.0638
1.38152 13.3994
1.50987 14.3082
1.58292 13.0065
1.82632 13.8762
1.71483 14.1044
1.38496 12.5684
1.45037 11.4572
1.38694 11.8404
1.77827 13.4674
1.61484 13.2836
1.40580 13.4150
1.75155 15.6234
1.75377 13.1750
1.75259 12.9316
1.42834 13.9594
1.79060 13.4772
1.65697 12.3287
1.62471 14.2449
1.78136 13.2549
1.81309 15.0541
1.53892 14.0805
1.53252 11.7380
1.44517 13.2970
1.75966 13.0865
1.46481 13.3286
1.74689 13.9257
1.60604 12.6960
1.57931 12.7397
1.62120 12.1610
1.78615 13.1296
1.38525 11.1269
1.65112 13.1309
1.77786 13.8352
1.36128 13.0704
1.72121 14.5656
1.77744 13.9806
1.43591 11.6833
1.63550 14.9567
1.66357 13.9467
1.39751 11.2690
1.40385 11.4933
1.75339 15.4989
1.35417 12.4062
1.75937 14.5303
1.49906 12.8168
1.69695 14.1474
1.74727 14.8833
1.53921 14.1265
1.63328 13.3822
1.80501 14.3512
1.47127 12.6677
1.69953 14.9589
1.82681 13.8807
1.73572 13.2746
1.44867 13.5422
1.46378 12.7465
1.39367 11.2500
1.55122 13.7664
1.82049 16.0457
1.70101 13.6305
1.71405 14.1575
1.46708 13.9794
1.47897 13.9461
1.64118 12.4713
1.62553 14.2794
1.76061 13.1130
1.57556 13.7709
1.43399 11.7153
1.50765 12.8142
1.70091 14.5716
1.44695 11.8355
1.41455 12.1452
1.56596 13.3005
1.59351 14.7429
1.67736 14.1132
1.71757 13.1605
1.62402 14.9106
1.71892 13.8954
1.50996 14.2787
1.80400 15.9826
1.79768 14.0265
1.61711 13.9320
1.45178 11.5466
1.68358 14.4526
1.48857 12.7552
1.59738 13.8760
1.50121 11.6907
1.65216 13.9469
1.68908 15.2664
1.75657 14.0095
1.46220 12.1821
1.79077 15.1433
1.36127 13.5950
1.43701 14.0372
1.75194 14.1036
1.53677 11.9852
1.78027 13.4672
1.62491 14.8259
1.37107 13.3682
1.73809 15.0811
1.76771 14.4593
1.43745 11.4531
1.37163 11.7758
1.55581 12.0288
1.70634 14.6778
1.76700 13.7899
1.37907 11.7474
1.80887 13.6540
1.46483 13.8072
1.82406 14.8411
1.80991 14.9795
1.73519 15.3585
1.73436 12.8675
1.53539 12.7620
1.35057 10.8279
1.47858 12.2027
1.79762 14.7587
1.66629 14.7470
1.43820 13.4333
1.53181 14.2139
1.45781 12.7676
1.78782 15.5443
1.82285 15.7547
1.58435 13.0229
1.72363 15.0326
1.50373 14.1802
