0.58539 7.2588
0.57507 7.2288
0.45422 6.6688
0.47489 5.9238
0.46653 6.3927
0.64221 5.9358
0.61015 7.3539
0.47128 5.2334
0.48868 6.4245
0.45594 4.8588
0.65751 6.7677
0.62878 6.6173
0.62047 6.9461
0.42774 5.6832
0.43980 5.2865
0.66720 6.8689
0.59697 5.6018
0.65830 6.4893
0.45663 6.2069
0.34745 4.2494
0.64720 6.4138
0.55994 6.4127
0.53407 6.1050
0.65698 6.5385
0.59033 5.5203
0.49072 5.8915
0.59541 5.5810
0.59546 5.9748
0.42407 6.5675
0.61678 6.8329
0.68081 7.1099
0.59967 5.6207
0.37740 5.5661
0.54233 5.8226
0.53857 7.1848
0.42085 4.7607
0.64832 6.9864
0.33371 4.9676
0.38027 4.8469
0.43368 5.7425
0.49109 5.0934
0.60770 5.9943
0.52087 7.0488
0.57068 6.0156
0.66758 6.5510
0.49935 5.8286
0.48114 4.9833
0.38369 4.6950
0.42885 4.8016
