3.39542 15.4515
3.12462 14.4022
3.40779 18.2997
3.12677 14.0299
3.13766 17.3395
3.32170 15.1796
3.41902 18.7664
3.38196 16.3087
3.43238 17.7503
3.34578 18.9235
3.07925 14.3908
3.29485 18.7254
3.08328 15.0075
3.09295 15.1986
3.36443 17.2449
3.12315 16.6240
3.30789 18.7937
3.40337 16.0757
3.07342 15.2012
3.07483 14.4933
3.10639 13.5720
3.11593 16.6121
3.38517 16.6271
3.40201 18.5943
3.35535 16.3476
3.11598 14.8839
3.41883 16.4675
3.14169 16.8965
3.42118 16.5826
3.35779 19.1132
3.10622 14.2494
3.41586 18.9811
3.37131 18.7285
3.14144 16.0647
3.29992 17.6739
3.32540 16.8295
3.37057 17.1981
3.39666 15.6184
3.11108 13.7946
3.37878 17.7646
3.32171 17.6198
3.39493 18.0317
3.13632 17.4735
3.08459 15.4053
3.12612 16.3515
3.12087 14.3676
3.10189 16.5799
3.34193 18.3526
3.42415 17.9173
3.06932 16.2798
3.11341 15.5059
3.35512 16.1518
3.35161 15.8082
3.29719 18.4614
3.40682 18.5652
3.11102 14.1662
3.29736 14.9724
3.13482 13.7704
3.34067 15.1605
3.12714 14.3620
3.31617 16.9521
3.34500 17.0290
3.38705 15.9391
3.30152 17.9027
3.12678 16.3485
3.09099 14.8595
3.36869 19.1433
3.10752 14.6957
3.39352 18.0674
3.09124 13.9761
3.08498 14.0430
3.40458 15.5066
3.41510 16.1674
3.07010 14.5184
3.09355 14.9655
3.08878 16.1732
3.33188 16.8677
3.30374 16.5864
3.39565 17.4445
3.06958 15.0008
3.11301 17.3033
3.11513 15.7933
3.13134 14.3750
3.41699 18.3258
3.12539 17.0777
3.36292 17.3455
3.14142 17.6902
3.35127 15.3288
3.12563 15.9073
3.09048 16.8786
3.40359 16.2067
3.32065 15.3220
3.36912 16.2980
3.44499 16.7603
3.41563 15.9481
3.35822 19.1657
3.29995 15.5255
3.30061 17.7088
3.10357 15.9180
3.32436 16.0686
3.11213 16.9114
3.08431 14.6278
3.39245 16.1029
3.43351 18.9827
3.36459 17.5709
3.35700 16.3999
3.10254 15.4585
3.42882 18.4869
3.08610 15.8480
3.10652 14.5013
3.13649 16.6630
3.43615 18.5118
3.35790 19.0288
3.44387 19.0975
3.41285 17.0128
3.29567 16.2522
3.13326 14.9081
3.08321 14.2598
3.13462 16.7224
3.31617 15.6938
3.35749 18.3496
3.41207 17.1966
3.12105 15.9253
3.06928 16.2794
3.34673 17.7874
3.12318 15.6544
3.10047 15.3609
3.41416 15.8965
3.09780 14.7276
3.34207 16.7455
3.37928 16.4663
3.35114 18.1160
3.29791 16.6724
3.41417 16.7732
3.37659 18.8919
3.36687 16.4292
3.41427 17.4458
3.29491 17.9432
3.07854 16.7810
3.10275 13.7841
3.33594 15.3706
3.37862 15.5781
3.31578 18.2440
3.31617 15.3042
3.12782 16.8913
3.09222 13.6441
3.08228 14.0430
3.33388 15.0998
3.09485 14.3296
3.09708 16.7744
3.10860 16.6734
3.07192 14.7500
3.34262 16.7504
3.08727 16.7769
3.37807 18.9995
3.29615 16.9204
3.44482 18.5835
3.08168 16.0744
3.32438 17.9788
3.35452 17.4674
3.36022 18.2561
3.07296 14.8956
3.10257 15.6682
3.29669 16.4198
3.30994 17.2082
3.08044 16.2583
3.36794 17.1872
3.09530 16.6976
3.09892 13.8970
3.34422 18.6114
3.11435 14.9536
3.12688 15.6119
3.41885 17.9060
3.35830 17.8448
3.40932 17.1781
3.07721 15.0475
3.12751 15.1353
3.39802 17.0515
3.07754 14.3220
3.40105 15.5829
3.12379 17.2908
3.08005 16.8143
3.33770 16.7714
3.13678 13.9836
3.42087 18.0251
3.07702 14.0811
3.10794 15.6803
3.10278 13.6799
3.41795 16.6659
3.44493 18.8432
3.34994 17.5185
3.13023 16.7748
3.41880 19.0768
3.29833 17.9337
3.08170 16.6343
3.31135 14.9944
3.33943 17.4372
3.11812 16.5111
3.33060 15.9004
3.07632 13.4325
3.40740 16.4231
3.43507 15.7239
3.10011 13.7881
3.10078 16.0825
3.36378 17.8857
3.39651 17.2145
3.08753 16.4264
3.30582 17.6423
3.36208 16.2859
3.32755 16.6889
3.34615 16.4890
3.12940 15.4354
3.36206 16.2631
3.09402 14.0519
3.07120 15.4399
3.38727 17.8790
3.13713 14.5429
3.37780 18.7628
3.12340 14.6682
3.35881 15.4195
3.11491 15.2322
3.37422 18.5535
3.32115 17.3269
3.41813 18.7762
3.11657 17.1740
3.09386 15.5112
3.39557 19.3338
3.30898 16.6276
3.09657 14.9417
3.10632 16.7244
3.31837 18.4951
3.11036 15.1907
3.39297 16.4466
3.10706 16.5515
3.39693 17.1612
3.35513 16.2569
3.43811 17.7754
3.29891 15.7724
3.12182 16.5619
3.12316 16.6379
3.11531 14.6619
3.11029 13.5801
3.38787 18.5747
3.07218 15.7633
3.33563 18.1743
3.43571 19.2695
3.08332 15.2374
3.36130 17.0936
3.09586 15.8321
3.38561 18.8140
3.31588 17.4102
3.30639 15.4612
3.08085 14.2463
3.40653 18.1950
3.33031 15.1592
3.09172 16.5038
3.43897 17.6747
3.11960 14.7539
3.43936 18.2919
3.09772 14.9915
3.12822 16.3356
3.11932 16.5782
3.12119 15.9405
3.12408 15.2943
3.33071 17.6163
3.06858 15.5091
3.08218 16.1338
3.41678 17.0840
3.44387 16.4226
3.10561 15.2345
3.34991 18.3091
3.13164 14.4972
3.43159 16.3690
3.10323 16.1561
3.33092 15.2318
3.14017 14.9942
3.43927 18.0757
3.10178 15.0332
3.12460 17.6064
3.10784 15.4019
3.33518 16.2968
3.12078 14.5667
3.09180 16.3372
3.10415 16.5020
3.35988 19.1040
3.09664 16.1836
3.44086 16.0397
3.08390 16.7193
3.39380 16.9384
3.30695 18.4315
3.33966 19.0796
3.08405 16.2370
3.39931 19.3285
3.35535 17.4592
3.37685 16.2835
3.07259 15.8568
3.07318 14.7918
3.37928 16.9788
3.08702 13.6650
3.42922 19.2502
3.30648 17.8361
3.13412 17.4042
3.09799 15.4085
3.13858 14.8527
3.38879 15.6467
3.42724 17.1546
3.39476 16.6109
3.42434 18.5520
3.09950 14.1702
3.12124 17.5142
3.32291 16.9381
3.44212 16.7941
3.11152 15.2037
3.09967 16.0164
3.31366 16.5350
3.07993 14.6308
3.40171 19.3844
3.41525 18.2321
3.38143 15.5590
3.33088 17.9573
3.11522 16.9919
3.08884 14.8431
3.39453 18.0718
3.11346 17.2733
3.08473 14.8293
3.10441 16.1486
3.13418 14.8210
3.13023 17.4021
3.31757 18.9663
3.09333 15.4700
3.31382 16.1433
3.34157 18.7992
3.30995 18.0517
3.42979 18.1432
3.31983 18.1379
3.41477 18.4579
3.30957 17.5318
3.07246 14.5764
3.33142 16.8270
3.12891 16.8776
3.11139 15.7186
3.38210 15.3681
3.07158 16.0354
3.11480 15.1663
3.06944 15.0754
3.29656 16.8821
3.40362 19.2417
3.31194 16.4847
3.13585 15.8173
3.09037 15.4992
3.14094 16.3094
3.42756 15.8158
3.07085 14.3751
3.13796 15.0006
3.12852 16.0065
3.30917 17.0120
3.11738 15.7392
3.12451 15.9704
3.31728 17.7442
3.39138 18.1850
3.11585 14.3345
3.10445 15.1132
3.35073 16.6808
3.08234 14.7188
3.08301 14.5185
3.07610 16.6833
3.30666 16.4171
3.12874 17.6063
3.14214 17.1303
3.37141 17.8829
3.09732 14.1166
3.11558 17.5631
3.13714 15.4669
3.42747 17.3731
3.35694 18.1477
