15.92846 -13.5544
16.16032 -13.3980
15.84596 -12.3188
16.16046 -14.2779
16.02880 -12.2233
15.75373 -12.8706
15.98593 -10.9083
16.01070 -12.9821
15.96284 -12.5053
16.17449 -14.3072
16.11225 -13.8804
16.15375 -12.8121
15.73647 -11.5188
16.12561 -11.3907
15.78549 -12.0696
15.82358 -12.0868
16.12125 -11.7391
16.10796 -13.5746
16.18784 -13.8229
15.78238 -12.2999
15.92761 -13.6310
16.16062 -11.3837
15.92176 -11.7285
16.11783 -13.7491
16.20093 -12.3814
16.20157 -13.9011
16.18301 -14.2895
15.96487 -11.9300
15.75505 -10.9194
15.94969 -12.1344
16.14650 -12.6236
16.05797 -13.9635
15.99320 -13.1780
15.99334 -12.4777
15.92489 -11.6890
15.79871 -12.7217
15.81469 -13.2856
16.14734 -12.6951
16.11065 -11.6545
15.95794 -11.9271
16.05094 -13.2980
15.82482 -11.1980
16.12999 -13.7839
15.88530 -13.4423
15.85097 -10.9882
15.81214 -12.6655
15.87285 -13.0852
16.12073 -12.0605
16.07555 -13.5851
15.83367 -10.7307
16.19266 -12.8216
16.08385 -13.1852
16.15654 -12.2812
15.77026 -10.4986
15.95512 -13.1508
16.00443 -11.3220
16.17318 -12.8370
16.19217 -12.2916
15.86153 -13.5224
15.93006 -11.7003
16.18340 -13.7253
16.09108 -12.1022
16.05562 -11.5214
15.86567 -10.9623
16.13065 -13.0308
15.92124 -11.3715
16.16120 -12.8263
15.81569 -10.7874
15.90144 -12.0884
16.01480 -13.5208
16.00089 -11.0894
16.17893 -12.4746
15.79804 -12.5378
16.15244 -13.7827
16.20265 -11.9818
16.05240 -13.8228
15.86933 -10.9389
15.82734 -11.5266
15.95279 -11.1522
15.87627 -12.6867
15.91717 -12.1033
16.19801 -12.8670
16.12801 -13.2221
15.95412 -12.2032
16.15414 -13.8440
15.84096 -11.9835
16.09842 -13.5803
16.01367 -11.4924
16.12026 -13.4576
15.99839 -11.6676
15.84171 -12.9579
16.17005 -11.3881
16.06079 -12.5677
15.95529 -11.9301
15.79390 -12.6380
15.94367 -11.9130
15.85179 -12.5908
15.83468 -12.9547
15.74377 -10.4776
16.09595 -13.8400
